9.621956988672314637e+00
6.041825917123523126e+00
1.236395180887734213e+01
6.330169950981662019e+00
2.148555015288818382e+01
4.943898622869651760e+00
6.442033620225598334e+00
6.575446714697045891e+00
8.250462571258887934e+00
5.093929551286478841e+00
4.037682353248492895e+00
5.516904885453172369e+00
7.314281562773624401e+00
7.995046538117406953e+00
7.378799685567244637e+00
7.970547302023827108e+00
6.981977394730395581e+00
1.359487155148200266e+01
7.642707088943540228e+00
9.003451928164720286e+00
6.237801682888600041e+00
1.133763046074555447e+01
7.732138789486842079e+00
5.981425440509820390e+00
4.830920374818600926e+00
4.077656575526118488e+00
1.511329105572370324e+01
4.308585332895066067e+00
1.601474229657724635e+01
4.002066889101184799e+00
8.730901264875653212e+00
7.030199480927042721e+00
6.702764202216614287e+00
1.165328357704981421e+01
1.018035033533653788e+01
1.239637411358941144e+01
7.441746417109354361e+00
5.725203044129593799e+00
1.008570625639072205e+01
3.946125183478583320e+00
3.301852704033489516e+00
1.368073350791037512e+01
4.901419617009523222e+00
8.079964012130472994e+00
1.762458699196925593e+01
1.025721675664209620e+01
9.945219518164538641e+00
5.660874784543264759e+00
6.496098790815560520e+00
1.236423856575562219e+01
6.467317921762776756e+00
8.749053173416386997e+00
9.766481800648701750e+00
5.119844523403653369e+00
1.323045589441894165e+01
6.044759127434377710e+00
5.655693023967142352e+00
1.005003016135048455e+01
9.319281722380139854e+00
9.730748588860706150e+00
6.151327199560067349e+00
6.930842197177930153e+00
1.428543310801697075e+01
5.442341117448635579e+00
1.747695267097247296e+01
4.740985274587385057e+00
7.839391131057285023e+00
4.406074020406582470e+00
1.438479391996099643e+01
7.784091091601336387e+00
4.369434733983512231e+00
1.598474764408033444e+01
7.015888300558716928e+00
1.062804908364612011e+01
1.274971090163122334e+01
1.395026152844067546e+01
4.545908082275452067e+00
1.309874511015725318e+01
5.302929595149969089e+00
5.875547635412677216e+00
1.085477536537335652e+01
1.034623062143616856e+01
1.518824048252690773e+01
3.529515999197107678e+00
3.560337360708093257e+00
7.068112144883722081e+00
2.570925316298667695e+01
2.678857045512621049e+00
1.851760072453877726e+01
8.314939371844152660e+00
4.759572511574042153e+00
5.724391774809474143e+00
6.607164025243896788e+00
4.636409189436764500e+00
1.555614951864607853e+01
6.151058916224732442e+00
7.445430279927084172e+00
8.613074949850435758e+00
8.340717548035934570e+00
1.609892645935583388e+01
8.356358337047536722e+00
1.954622036419417697e+01
1.144753648399564838e+01
1.270760366591533952e+01
8.649481555825756729e+00
2.942520345068661669e+00
8.208797407716479810e+00
5.523237110047883647e+00
7.678314744453906826e+00
1.005741718643160709e+01
6.898874390477070406e+00
1.003286867197601318e+01
4.522986566059045366e+00
9.765172393575754839e+00
1.439834190145058379e+01
2.164443476466431093e+01
1.533353839930581941e+01
1.290811977476725225e+01
6.120647238878137664e+00
9.434035714582437393e+00
7.450606179425297348e+00
9.869762667099676534e+00
4.701651609096026085e+00
7.375221522357694681e+00
4.326915478274734994e+00
1.386028847311982659e+01
1.181494643248997711e+01
1.522723520568450262e+01
8.814588288897301283e+00
6.390303861731509549e+00
3.789082329524450898e+00
5.048490586960313387e+00
4.645161047214504180e+00
1.702594290985155467e+01
8.005117552714221318e+00
1.388356706565056697e+01
1.805711688114811153e+01
6.088847122316502158e+00
1.040247028052435674e+01
1.271434104910510676e+01
1.361709607485960305e+01
1.000501753252981985e+01
1.455235791104449383e+01
1.075509307968322226e+01
1.955294474964939866e+01
8.174777566782413629e+00
1.765146628598333933e+01
1.304503506522032730e+01
4.117559985785199217e+00
8.130409832743126231e+00
7.791268641606402312e+00
7.699643313911936460e+00
1.550132767311450799e+01
1.334876756681667409e+01
1.256849043897365803e+01
5.192807887369336406e+00
5.897483981843234524e+00
6.272123171586228452e+00
3.202914633609949213e+00
3.910736466740643458e+00
3.314273378000220927e+00
7.712695193277013139e+00
8.421312433835415945e+00
7.085727079679676521e+00
6.220249332691707878e+00
1.193050379931065663e+01
1.507879077180369976e+01
6.992606856030925577e+00
1.141681723412355964e+01
1.066365074085518394e+01
1.794346742058370836e+01
9.520733536406572384e+00
3.541370087165156111e+00
1.166074637768571165e+01
1.842472466611322091e+01
4.652559119386808106e+00
1.816492407892121008e+01
1.352263336746359634e+01
4.892366592964846994e+00
7.969700689855961251e+00
1.540277545436529394e+01
1.532859510513507750e+01
9.893839026255873748e+00
5.532622976552082683e+00
8.620129096921603562e+00
7.133985038555985980e+00
8.529506485811909400e+00
7.862939191747888579e+00
7.037521772905332540e+00
3.595586837232344735e+00
8.966888112758539364e+00
1.537421273431307256e+01
5.820786918082691663e+00
4.077327718980373383e+00
5.319282371875147852e+00
5.205767004242028761e+00
1.313934468874065686e+01
1.179548470441303820e+01
1.025804606010940923e+01
1.261760805004855435e+01
4.369405465405845845e+00
2.964881534250577211e+00
3.970835395498283571e+00
7.478104617861658809e+00
8.602987296646146476e+00
5.165968011611217214e+00
9.748797264031050958e+00
5.790140287624263138e+00
6.549053460185750630e+00
5.080620161543093261e+00
1.008974774006645703e+01
4.557111019984933620e+00
5.807319035341461877e+00
6.909771862719339630e+00
3.583157037980412074e+00
7.419446651132531656e+00
3.619537066056660812e+00
7.443639046153954553e+00
3.879841078171721414e+00
5.388410275811492234e+00
8.966759580215162728e+00
1.589266579996122708e+01
1.278580694023168363e+01
6.843310817026038606e+00
6.495080124723846104e+00
1.126356551894882152e+01
1.180724465630265563e+01
7.552886892697892485e+00
4.974217081669404905e+00
1.016836714569961408e+01
7.335880649731206127e+00
4.684195242313406560e+00
1.111632783456615670e+01
1.093193284791081865e+01
3.918344677689346689e+00
7.606858921321430600e+00
4.772741690100627210e+00
9.803533924487958018e+00
9.843831920943390656e+00
2.156131316977786483e+01
8.971673161640685734e+00
4.574868091077419763e+00
9.308016652651389222e+00
8.459830384581557894e+00
9.938831582858451696e+00
1.121349685783600769e+01
8.410998157955546617e+00
5.592533422793058762e+00
1.225892911731159529e+01
7.984823352773326555e+00
